w
[[-0.03108453 -0.03913289 -0.03404683  0.06691443 -0.00316675  0.06163889
  -0.00520485  0.93121335]]
test_cost
[ 0.41502735 -0.12564827  0.02762902 -0.3700503   0.0482753   0.92970043
 -0.01586936 -0.33660874  0.43125569 -1.39932489  0.21857607 -1.20944288
  0.04272624 -0.02450477 -0.25790867 -1.10778385 -0.34466869  0.49918541
  0.12741638  0.47244694  0.25987102 -0.4750809  -0.21619358 -0.74940762
  0.39548673  0.20507623 -0.30606474 -0.09956626 -0.40437217  0.19010027
  0.10722435  0.22983963  0.78759045  1.0730494  -0.80970566 -0.76674157
  0.99137051  0.76135466  0.14311258 -0.27171325 -0.99022479  0.13601292
 -0.02454278 -0.15229926  0.45282782 -0.3302277   0.82467168  0.3224271
 -0.05950698  0.05891698]
